1971
1969
2016
1975
1986
2001
1963
1994
1988
1991
2009
1995
2003
2000
1960
2009
1994
1992
1997
1972
1988
2001
1994
2005
1967
1976
2008
1960
1998
1967
1996
1991
2013
1971
2012
1990
1982
1993
1978
1976
1967
2008
1998
1972
1960
1968
1977
2006
2006
1972
2006
1995
2004
2016
1978
1985
1969
1983
2007
1988
2001
2000
2013
1978
1964
2016
2016
1975
1975
1980
1995
2013
2014
1960
1994
1998
2000
2014
1977
1971
1981
2006
1998
2017
1984
1991
2014
2003
2006
2004
2016
2015
2002
2010
2003
1965
2005
2007
1966
1991
